2.1384 [ 1.02639865e-04 -3.97263815e-04 -1.97105647e-04  3.25765094e-04
 -1.20600024e-03  1.11653291e-03 -3.39895460e-04 -3.30692598e-04
 -6.33159171e-03 -1.05647170e-02 -3.91936963e-03  1.40770928e-02
 -1.32135392e-04  8.25484437e-04  2.81391926e-04  1.28392200e-04
 -1.02674503e-03 -2.51512073e-05  2.90009619e-04  1.41921461e-04
 -6.03452183e-03  1.11392111e-02  4.01670532e-03  3.75369916e-02
 -5.44366430e-02 -1.22795714e-01 -1.26554475e-01 -3.12257127e-02]
2.27205 [-9.77754334e-06 -6.80337223e-05 -2.38204802e-05  8.30570016e-05
 -1.11286538e-03 -4.75645423e-05 -6.79954930e-05  3.76486292e-05
 -1.87109012e-03 -5.37535283e-03 -2.88922773e-03  2.22052589e-02
 -9.22380426e-05  1.02072505e-05  9.27037504e-05  1.36898881e-04
 -1.16711098e-03 -1.60532389e-04  2.76264518e-05 -2.84123573e-05
 -1.60226114e-03  5.05290145e-03  3.24448157e-03  2.29757618e-02
 -5.70762908e-02 -1.18503037e-01 -1.19824593e-01 -3.32065955e-02]
2.4057 [-5.25824389e-05  1.21178087e-05 -1.75108825e-05  1.18555513e-04
 -1.08886443e-03 -8.92099878e-05 -5.44021102e-05 -4.91174456e-05
 -4.63402035e-04 -1.20248218e-03 -1.84033589e-03  2.00562617e-02
  7.84123715e-05  1.73699584e-05 -1.68507456e-05  3.55965345e-05
 -1.04122352e-03  5.27855531e-05 -7.36199192e-05 -1.27982641e-04
 -1.24928694e-06  8.64823478e-04  3.00793180e-03  2.02430285e-02
 -6.20766335e-02 -1.12193895e-01 -1.12839193e-01 -3.57167342e-02]
2.53935 [-2.24502123e-05 -4.61459780e-05  3.36915909e-05  1.10557227e-04
 -1.10017003e-03 -1.98849325e-08 -3.16552880e-05 -1.31457551e-05
  3.30449052e-04 -1.24854855e-03 -7.05056504e-04  1.76892049e-02
  2.01590786e-05  5.94961841e-05 -1.15180745e-05  8.97575637e-05
 -1.01493826e-03 -4.37221399e-06 -1.88897006e-05 -4.91237434e-06
 -2.33470443e-04  1.24400198e-03  8.64779302e-04  1.73592342e-02
 -6.80039646e-02 -1.07060567e-01 -1.07632255e-01 -3.72718868e-02]
2.673 [-2.02646539e-05 -2.19433748e-05 -2.65502856e-06  2.94456673e-05
 -1.11887730e-03  2.06325679e-05 -4.12203530e-06  4.22877915e-05
 -5.21892673e-05 -8.43055267e-04 -3.30846518e-04  1.45051478e-02
 -1.37385256e-05  3.04225913e-05  2.43541950e-05  1.80828129e-05
 -1.06244825e-03  3.04771400e-05 -5.24182341e-05 -1.23581731e-05
  4.80270396e-04  1.82547013e-04  8.41410712e-04  1.39782100e-02
 -7.64382080e-02 -1.03119057e-01 -1.03322884e-01 -3.91419969e-02]
2.80665 [-5.81518662e-05  8.51187160e-05 -2.09670620e-05 -3.94587181e-05
 -1.15134004e-03  2.86080030e-05 -2.19549812e-05 -2.74781632e-05
 -1.26257049e-03  8.61935570e-05 -5.61133414e-05  1.12834545e-02
  3.31534830e-06  4.42099880e-06 -5.17638522e-05 -6.34222625e-05
 -1.18627826e-03 -7.12726731e-06 -1.83748270e-06  8.86820567e-07
 -5.35501022e-05 -6.06231355e-04 -2.88698151e-04  1.14730124e-02
 -8.53590070e-02 -1.00021172e-01 -1.01139255e-01 -4.09233435e-02]
2.9403 [-4.04507865e-05  1.11217084e-05  1.82832300e-05 -6.47844347e-05
 -1.13920429e-03  4.10271592e-05 -4.45625331e-05  1.90587773e-06
  9.90605547e-04  1.27811818e-03 -8.57300514e-04  7.70675607e-03
  5.33955285e-06  1.91514721e-05 -1.36688712e-06 -4.71963803e-05
 -1.16060651e-03 -2.07396842e-05 -9.14874097e-06  2.69472393e-05
 -4.83598207e-04 -4.88280344e-04  3.26242100e-05  8.65878293e-03
 -9.73340967e-02 -9.77759106e-02 -9.78646493e-02 -4.28395338e-02]
3.07395 [ 2.63275251e-05 -3.47202763e-05 -2.38951887e-05 -4.22685149e-05
 -1.28905487e-03  4.37689265e-05  5.23567410e-05  4.53967539e-07
  5.56296605e-04  1.02391509e-03  1.19080777e-03 -2.67633274e-05
 -1.14777466e-04  3.66361797e-06 -9.39405131e-06 -7.92489154e-05
 -1.29277283e-03  7.43015958e-05  5.98162492e-05 -2.68730547e-06
  2.48922377e-04 -1.34246585e-03 -2.40446097e-04 -2.96572250e-03
 -1.11616946e-01 -9.56512359e-02 -9.56831616e-02 -4.60670343e-02]
3.2076 [ 4.68035519e-05 -4.41193514e-05  5.84370246e-05 -4.93252015e-05
 -1.21228382e-03 -7.71040809e-05  2.75525373e-05  3.23138615e-04
 -2.24837872e-04  5.62401286e-04  7.63605016e-04 -9.35096126e-03
 -6.20065348e-05  1.73405214e-04 -1.42793886e-04 -4.78932203e-05
 -1.23575887e-03 -1.72740448e-04 -5.36574728e-05  7.38676763e-05
  2.22786946e-04 -2.80992811e-04  5.04531209e-04 -9.89826322e-03
 -1.26875251e-01 -9.36474135e-02 -9.41924543e-02 -4.84846654e-02]
3.34125 [ 4.51066730e-05  5.14191629e-05 -2.15571607e-06  3.64265468e-05
 -1.19921036e-03 -5.47389793e-05  5.46645663e-05  6.97590470e-06
 -1.63874805e-03  1.57764227e-04 -9.85218056e-04 -1.16730814e-02
  5.70386050e-05  2.03216268e-04  1.12255567e-06 -1.00333076e-04
 -1.06845797e-03 -1.48374496e-04  2.22822521e-04 -6.98535236e-05
  3.11964638e-03 -3.66151376e-04  9.62080690e-04 -1.26188329e-02
 -1.43853805e-01 -9.09830294e-02 -9.23737240e-02 -5.08645320e-02]
4.0095 [ 8.56253898e-05 -7.93970204e-05  7.07141899e-05  4.84822586e-04
 -1.36522993e-03 -6.13557942e-05 -1.72371276e-04 -9.43580316e-05
 -3.81463765e-03 -3.99683360e-04 -3.31341289e-03 -2.61971703e-02
  1.45509947e-04  2.47718233e-06 -3.11603591e-04  4.81416547e-04
 -1.36601689e-03  4.00893020e-05  1.29118844e-04 -7.16017362e-07
  6.01664562e-03 -3.82855830e-04  3.01136246e-03 -2.47275157e-02
 -2.65150004e-01 -8.22906730e-02 -8.35106164e-02 -5.46173241e-02]
4.67775 [ 1.56772437e-03 -1.57337581e-03  1.45078753e-04  1.06155264e-03
  1.06032667e-03 -2.32247608e-03 -5.11965875e-04 -7.08310496e-04
  3.10810163e-02  2.22412782e-02 -7.70867039e-03 -1.00539651e-02
 -2.53634940e-04 -2.82196538e-04  1.08893229e-03  6.11007103e-04
  1.04493540e-04  1.62945849e-03 -9.40328586e-04 -5.43153142e-03
 -3.74643578e-02 -1.39537745e-03 -4.74873340e-04 -2.83056054e-02
 -1.18708960e-03 -4.14529788e-04 -3.42427059e-01 -8.68212887e-02
 -4.49038809e-02 -7.51113075e-02]
5.346 [ 1.64643105e-03  1.69891794e-04 -5.66390684e-04 -9.41670111e-04
  3.76657365e-04 -5.44253376e-04 -1.82586413e-04  3.85327381e-04
  2.21321829e-02  1.01812696e-02 -7.19516596e-03 -4.94862970e-02
  2.15435887e-03  5.07267993e-04  3.52815056e-04 -6.03253702e-04
 -4.94225075e-04  2.48553478e-04  2.97742995e-04  7.38010848e-04
 -4.97920241e-03 -2.33064562e-03  1.20286131e-02 -3.76513941e-02
  1.20531237e-04 -5.00365445e-04 -5.61131197e-01 -5.61275028e-02
 -5.19715106e-02 -5.22708290e-02]
6.6825 [ 1.26814387e-03  1.93962286e-04  6.08138893e-04 -3.05731478e-04
  3.92788616e-04  1.82992849e-03  9.23435521e-05  2.52403918e-04
  2.64692612e-02 -3.87379371e-02 -1.06529677e-03 -5.77489981e-03
  1.88315392e-03 -1.24367699e-04 -2.98113945e-04  5.10979892e-04
 -1.34671374e-03  2.13762259e-04  2.52521844e-04 -9.55600522e-04
 -1.63936864e-02 -3.47978463e-02  6.51551057e-03 -1.20005270e-02
  2.61354025e-04 -6.78582122e-04 -7.41051783e-01 -1.82855087e-02
 -3.77564710e-02 -2.13340590e-02]
13.365 [ 1.61279151e-03 -1.00378710e-05  1.37249728e-04 -6.87003479e-05
 -1.00168380e-04 -7.00165624e-05  5.61873311e-05 -1.50598181e-04
  1.75478406e-02 -2.29562124e-02 -2.89133233e-03 -7.80697294e-03
  1.77734628e-03  4.34519138e-04  2.75158413e-04 -6.96845292e-05
 -2.75482753e-04 -7.89756556e-06 -1.02815184e-04 -2.15426569e-05
 -1.66002324e-02 -1.88371727e-02 -1.75068035e-03 -2.78717673e-03
  2.05705182e-04 -4.08973803e-05 -8.36308064e-01 -2.62591406e-03
 -3.13688808e-03 -1.09743981e-03]
