 Original Matrix
           1  -4.7145950657000002        0.0000000000000000        0.0000000000000000        0.0000000000000000        0.0000000000000000        0.0000000000000000     
           2   5.1916999999999998E-006 -0.62587575939999995        0.0000000000000000        0.0000000000000000        0.0000000000000000        0.0000000000000000     
           3  -5.0337899999999998E-005   1.5759839999999999E-003 -0.30961828710000000        0.0000000000000000        0.0000000000000000        0.0000000000000000     
           4   0.0000000000000000        0.0000000000000000        0.0000000000000000       0.12440373850000000        0.0000000000000000        0.0000000000000000     
           5   0.0000000000000000        0.0000000000000000        0.0000000000000000        0.0000000000000000       0.12512112089999999        0.0000000000000000     
           6   1.5721899999999999E-005   2.3689929999999999E-004   2.3162049999999999E-004   0.0000000000000000        0.0000000000000000       0.13029839280000000     
 Eigenvalues:
  1      -4.71459507
  2      -0.62588369
  3      -0.30961056
  4       0.12440374
  5       0.12512112
  6       0.13029859

 Eigenvectors:

 Transformed matrix (check):
   -4.71459507   -0.00000544    0.00005032   -0.00000000   -0.00000000   -0.00001570
   -0.00000002   -0.62587576   -0.00157582    0.00000000    0.00000000   -0.00023657
    0.00000000    0.00000011   -0.30961829   -0.00000000   -0.00000000   -0.00023280
   -0.00000000    0.00000000   -0.00000000    0.12440374   -0.00000000   -0.00000000
   -0.00000000    0.00000000   -0.00000000   -0.00000000    0.12512112   -0.00000000
   -0.00000000    0.00000000   -0.00000050   -0.00000000    0.00000000    0.13029839

