 Original Matrix
           1  -4.7408868611999999        0.0000000000000000        0.0000000000000000        0.0000000000000000        0.0000000000000000        0.0000000000000000     
           2  -2.1319230000000001E-004 -0.52948452239999999        0.0000000000000000        0.0000000000000000        0.0000000000000000        0.0000000000000000     
           3   0.0000000000000000        0.0000000000000000      -0.28098558239999999        0.0000000000000000        0.0000000000000000        0.0000000000000000     
           4   0.0000000000000000        0.0000000000000000       -3.5847343000000001E-003  0.35276100469999999        0.0000000000000000        0.0000000000000000     
           5   8.3033810000000005E-004   2.8922399999999998E-004   0.0000000000000000        0.0000000000000000       0.27180426499999999        0.0000000000000000     
           6   7.1862059999999999E-004   8.0636600000000007E-005   0.0000000000000000        0.0000000000000000        6.3676584800000005E-002  0.55403076159999998     
 Eigenvalues:
  1      -4.74088710
  2      -0.52948462
  3      -0.28100586
  4       0.25810278
  5       0.35278128
  6       0.56773259

 Eigenvectors:

 Transformed matrix (check):
   -4.74088686    0.00021353   -0.00000000    0.00066273    0.00000000   -0.00086699
    0.00000006   -0.52948452    0.00000000    0.00027053    0.00000000   -0.00011743
   -0.00000000    0.00000000   -0.28098558    0.00000000   -0.00358462    0.00000000
   -0.00000833   -0.00000335   -0.00000000    0.27119797   -0.00000000    0.06085893
    0.00000000    0.00000000    0.00000011   -0.00000000    0.35276101    0.00000000
    0.00000179    0.00000075    0.00000000   -0.00281767    0.00000000    0.55463706

