 Original Matrix
           1  -4.7052991606000001        0.0000000000000000        0.0000000000000000        0.0000000000000000        0.0000000000000000        0.0000000000000000     
           2  -9.4731500000000006E-005 -0.52567697810000003        0.0000000000000000        0.0000000000000000        0.0000000000000000        0.0000000000000000     
           3   0.0000000000000000        0.0000000000000000      -0.34641177530000000        0.0000000000000000        0.0000000000000000        0.0000000000000000     
           4   0.0000000000000000        0.0000000000000000       -1.4580255999999999E-003  0.46465202830000002        0.0000000000000000        0.0000000000000000     
           5   4.4284950000000000E-004   9.0282459999999998E-004   0.0000000000000000        0.0000000000000000       0.37760397020000003        0.0000000000000000     
           6   0.0000000000000000        0.0000000000000000        0.0000000000000000        0.0000000000000000        0.0000000000000000       0.40251970799999998     
 Eigenvalues:
  1      -4.70529920
  2      -0.52567788
  3      -0.34641440
  4       0.37760491
  5       0.40251971
  6       0.46465465

 Eigenvectors:

 Transformed matrix (check):
   -4.70529916    0.00009517   -0.00000000    0.00044278    0.00000000   -0.00000000
    0.00000008   -0.52567698    0.00000000    0.00090281    0.00000000    0.00000000
   -0.00000000    0.00000000   -0.34641178   -0.00000000    0.00000000    0.00145802
   -0.00000000   -0.00000001   -0.00000000    0.37760397    0.00000000   -0.00000000
    0.00000000    0.00000000    0.00000000    0.00000000    0.40251971    0.00000000
   -0.00000000    0.00000000   -0.00000000   -0.00000000    0.00000000    0.46465203

