 Original Matrix
           1  -4.6971190093999997        0.0000000000000000        0.0000000000000000        0.0000000000000000        0.0000000000000000        0.0000000000000000     
           2   3.1512700000000001E-005 -0.64332268829999995        0.0000000000000000        0.0000000000000000        0.0000000000000000        0.0000000000000000     
           3  -7.1454060000000004E-004   1.4968942000000000E-003 -0.27135588270000000        0.0000000000000000        0.0000000000000000        0.0000000000000000     
           4   0.0000000000000000        0.0000000000000000        0.0000000000000000       0.11354860760000000        0.0000000000000000        0.0000000000000000     
           5   0.0000000000000000        0.0000000000000000        0.0000000000000000        0.0000000000000000       0.13529392000000001        0.0000000000000000     
           6   0.0000000000000000        0.0000000000000000        0.0000000000000000        1.1061559100000000E-002   0.0000000000000000       0.37947913449999998     
 Eigenvalues:
  1      -4.69711913
  2      -0.64332871
  3      -0.27134974
  4       0.11308929
  5       0.13529392
  6       0.37993845

 Eigenvectors:

 Transformed matrix (check):
   -4.69711901    0.00003439   -0.00071442    0.00000000    0.00000000    0.00000000
    0.00000024   -0.64332269   -0.00149686    0.00000000    0.00000000    0.00000000
    0.00000000    0.00000003   -0.27135588    0.00000000    0.00000000    0.00000000
    0.00000000    0.00000000    0.00000000    0.11354782    0.00000000   -0.01104252
    0.00000000    0.00000000    0.00000000    0.00000000    0.13529392    0.00000000
    0.00000000    0.00000000    0.00000000    0.00001904    0.00000000    0.37947993

