 Original Matrix
           1  -4.6919107773000004        0.0000000000000000        0.0000000000000000        0.0000000000000000        0.0000000000000000        0.0000000000000000     
           2   1.0438520000000000E-004 -0.64628345139999999        0.0000000000000000        0.0000000000000000        0.0000000000000000        0.0000000000000000     
           3  -6.2775440000000004E-004  -1.0656361000000000E-003 -0.23894706539999999        0.0000000000000000        0.0000000000000000        0.0000000000000000     
           4   0.0000000000000000        0.0000000000000000        0.0000000000000000        7.4482340100000002E-002   0.0000000000000000        0.0000000000000000     
           5   0.0000000000000000        0.0000000000000000        0.0000000000000000        0.0000000000000000       0.14185385440000001        0.0000000000000000     
           6   0.0000000000000000        0.0000000000000000        0.0000000000000000        5.4572073899999997E-002   0.0000000000000000       0.25502945989999998     
 Eigenvalues:
  1      -4.69191087
  2      -0.64628624
  3      -0.23894419
  4       0.05926928
  5       0.14185385
  6       0.27024252

 Eigenvectors:

 Transformed matrix (check):
   -4.69191078    0.00010274   -0.00062800    0.00000000    0.00000000    0.00000000
   -0.00000015   -0.64628345    0.00106564    0.00000000    0.00000000    0.00000000
    0.00000000    0.00000001   -0.23894707    0.00000000    0.00000000    0.00000000
    0.00000000    0.00000000    0.00000000    0.07338534   -0.00000000   -0.05063694
    0.00000000    0.00000000    0.00000000   -0.00000000    0.14185385   -0.00000000
    0.00000000    0.00000000    0.00000000    0.00393514    0.00000000    0.25612646

