 Original Matrix
           1  -4.7542666352999996        0.0000000000000000        0.0000000000000000        0.0000000000000000        0.0000000000000000        0.0000000000000000     
           2  -6.7922820000000000E-004 -0.54615997059999999        0.0000000000000000        0.0000000000000000        0.0000000000000000        0.0000000000000000     
           3   0.0000000000000000       -5.0000000000000003E-010 -0.25252645610000002        0.0000000000000000        0.0000000000000000        0.0000000000000000     
           4  -2.3768698000000000E-003  -2.2386100999999999E-003   1.3000000000000001E-009  -4.3507341599999999E-002   0.0000000000000000        0.0000000000000000     
           5   0.0000000000000000        0.0000000000000000        0.0000000000000000        0.0000000000000000        5.0832425600000002E-002   0.0000000000000000     
           6   0.0000000000000000        0.0000000000000000        8.0096356000000004E-003   0.0000000000000000        0.0000000000000000       0.13505936780000000     
 Eigenvalues:
  1      -4.75426794
  2      -0.54616983
  3      -0.25269191
  4      -0.04349618
  5       0.05083243
  6       0.13522482

 Eigenvectors:

 Transformed matrix (check):
   -4.75426664   -0.00068981    0.00000000   -0.00237418    0.00000000    0.00000000
   -0.00000113   -0.54615997    0.00000000    0.00223818    0.00000000    0.00000000
    0.00000000   -0.00000000   -0.25252653   -0.00000000    0.00000000    0.00800622
    0.00000001   -0.00000039   -0.00000000   -0.04350734    0.00000000    0.00000000
    0.00000000    0.00000000   -0.00000000    0.00000000    0.05083243   -0.00000000
   -0.00000000    0.00000000   -0.00000342    0.00000000   -0.00000000    0.13505944

