 Original Matrix
           1  -4.7064778430000000        0.0000000000000000        0.0000000000000000        0.0000000000000000        0.0000000000000000        0.0000000000000000     
           2  -3.5109719999999999E-004 -0.68171408160000002        0.0000000000000000        0.0000000000000000        0.0000000000000000        0.0000000000000000     
           3  -3.1610901000000001E-003   4.2085107999999998E-003 -0.28767024240000000        0.0000000000000000        0.0000000000000000        0.0000000000000000     
           4   0.0000000000000000        0.0000000000000000        0.0000000000000000        4.7493330000000000E-002   0.0000000000000000        0.0000000000000000     
           5   0.0000000000000000        0.0000000000000000        0.0000000000000000        0.0000000000000000        5.4504291099999998E-002   0.0000000000000000     
           6  -7.7931669999999997E-004   4.8277099999999999E-005  -4.5712162000000004E-003   0.0000000000000000        0.0000000000000000       0.10373128569999999     
 Eigenvalues:
  1      -4.70648026
  2      -0.68175901
  3      -0.28767639
  4       0.04749333
  5       0.05450429
  6       0.10378478

 Eigenvectors:

 Transformed matrix (check):
   -4.70647784    0.00031722    0.00317322   -0.00000000    0.00000000    0.00074563
   -0.00000303   -0.68171408   -0.00420913    0.00000000    0.00000000   -0.00004802
    0.00000071   -0.00000031   -0.28767026    0.00000000   -0.00000000    0.00456981
   -0.00000000    0.00000000    0.00000000    0.04749333   -0.00000000   -0.00000000
    0.00000000    0.00000000   -0.00000000   -0.00000000    0.05450429    0.00000000
   -0.00000001   -0.00000004   -0.00000111   -0.00000000    0.00000000    0.10373130

