 Original Matrix
           1  -4.7169597049999998        0.0000000000000000        0.0000000000000000        0.0000000000000000        0.0000000000000000        0.0000000000000000     
           2  -6.7629899999999994E-005 -0.62653309670000001        0.0000000000000000        0.0000000000000000        0.0000000000000000        0.0000000000000000     
           3  -2.9869804999999999E-003   2.1773307000000001E-003 -0.30897850329999998        0.0000000000000000        0.0000000000000000        0.0000000000000000     
           4   0.0000000000000000        0.0000000000000000        0.0000000000000000        5.3053756500000000E-002   0.0000000000000000        0.0000000000000000     
           5   0.0000000000000000        0.0000000000000000        0.0000000000000000        0.0000000000000000        5.4648972800000001E-002   0.0000000000000000     
           6  -3.2762070000000001E-004   7.5474139999999999E-004  -2.3564809000000001E-003   0.0000000000000000        0.0000000000000000        6.8014611599999997E-002
 Eigenvalues:
  1      -4.71696175
  2      -0.62654888
  3      -0.30897621
  4       0.05305376
  5       0.05464897
  6       0.06803015

 Eigenvectors:

 Transformed matrix (check):
   -4.71695970   -0.00004676   -0.00298933    0.00000000   -0.00000000    0.00031062
    0.00000153   -0.62653308   -0.00218203    0.00000000    0.00000000    0.00075729
   -0.00000015   -0.00000254   -0.30897854    0.00000000    0.00000000   -0.00235103
    0.00000000    0.00000000    0.00000000    0.05305376    0.00000000    0.00000000
   -0.00000000    0.00000000    0.00000000    0.00000000    0.05464897    0.00000000
   -0.00000000   -0.00000003    0.00000261    0.00000000    0.00000000    0.06801463

