 Original Matrix
           1  -4.6864756941000003        0.0000000000000000        0.0000000000000000        0.0000000000000000        0.0000000000000000        0.0000000000000000     
           2   2.1559900000000000E-005 -0.64426961270000005        0.0000000000000000        0.0000000000000000        0.0000000000000000        0.0000000000000000     
           3  -5.7980784999999996E-003  -4.0429049999999997E-004 -0.10611897240000000        0.0000000000000000        0.0000000000000000        0.0000000000000000     
           4   0.0000000000000000        0.0000000000000000       -1.0000000000000000E-010 -0.10949351530000000        0.0000000000000000        0.0000000000000000     
           5   0.0000000000000000        0.0000000000000000        0.0000000000000000        0.0000000000000000        5.1232073300000000E-002   0.0000000000000000     
           6   1.4738809000000000E-003   2.9951261999999999E-003   7.7788059999999999E-004   0.0000000000000000        0.0000000000000000       0.11395478270000001     
 Eigenvalues:
  1      -4.68648349
  2      -0.64428175
  3      -0.10949352
  4      -0.10611405
  5       0.05123207
  6       0.11396979

 Eigenvectors:

 Transformed matrix (check):
   -4.68647569   -0.00001134   -0.00000000   -0.00580323    0.00000000    0.00145451
    0.00000143   -0.64426961   -0.00000000   -0.00041483   -0.00000000    0.00299423
   -0.00000000   -0.00000000   -0.10949352   -0.00000000   -0.00000000   -0.00000000
   -0.00000023   -0.00000308    0.00000000   -0.10611899    0.00000000   -0.00077371
    0.00000000   -0.00000000   -0.00000000    0.00000000    0.05123207    0.00000000
   -0.00000001   -0.00000006    0.00000000    0.00000340   -0.00000000    0.11395479

