 Original Matrix
           1  -4.7384550775000003        0.0000000000000000        0.0000000000000000        0.0000000000000000        0.0000000000000000        0.0000000000000000     
           2  -7.7389959999999997E-004 -0.53993443490000004        0.0000000000000000        0.0000000000000000        0.0000000000000000        0.0000000000000000     
           3   0.0000000000000000        0.0000000000000000      -0.29281077870000000        0.0000000000000000        0.0000000000000000        0.0000000000000000     
           4  -2.3930715999999999E-003  -2.2624174999999998E-003   0.0000000000000000       -3.0241439200000001E-002   0.0000000000000000        0.0000000000000000     
           5   0.0000000000000000        0.0000000000000000        0.0000000000000000        0.0000000000000000        5.2728543800000000E-002   0.0000000000000000     
           6   0.0000000000000000        0.0000000000000000        6.2194112000000003E-003   0.0000000000000000        0.0000000000000000       0.13268626170000000     
 Eigenvalues:
  1      -4.73845644
  2      -0.53994433
  3      -0.29290167
  4      -0.03023018
  5       0.05272854
  6       0.13277715

 Eigenvectors:

 Transformed matrix (check):
   -4.73845508   -0.00078451    0.00000000    0.00239003    0.00000000    0.00000000
   -0.00000115   -0.53993444    0.00000000   -0.00226193    0.00000000    0.00000000
    0.00000000    0.00000000   -0.29281080    0.00000000   -0.00000000    0.00621808
   -0.00000001    0.00000044    0.00000000   -0.03024144    0.00000000    0.00000000
    0.00000000    0.00000000   -0.00000000    0.00000000    0.05272854    0.00000000
    0.00000000    0.00000000   -0.00000133    0.00000000    0.00000000    0.13268628

