 Original Matrix
           1  -4.6986641533000002        0.0000000000000000        0.0000000000000000        0.0000000000000000        0.0000000000000000        0.0000000000000000     
           2  -4.9400340000000005E-004 -0.65927948390000002        0.0000000000000000        0.0000000000000000        0.0000000000000000        0.0000000000000000     
           3  -3.2662161000000002E-003   4.2086920999999996E-003 -0.26611447170000002        0.0000000000000000        0.0000000000000000        0.0000000000000000     
           4   0.0000000000000000        0.0000000000000000        0.0000000000000000        2.7398676000000000E-002   0.0000000000000000        0.0000000000000000     
           5   0.0000000000000000        0.0000000000000000        0.0000000000000000        0.0000000000000000        5.3779075699999998E-002   0.0000000000000000     
           6  -3.6107300000000000E-004   1.2951627999999999E-003  -3.2713782999999998E-003   0.0000000000000000        0.0000000000000000       0.12343973279999999     
 Eigenvalues:
  1      -4.69866665
  2      -0.65932674
  3      -0.26609424
  4       0.02739868
  5       0.05377908
  6       0.12346925

 Eigenvectors:

 Transformed matrix (check):
   -4.69866415   -0.00045836    0.00327374   -0.00000000   -0.00000000    0.00033675
    0.00000320   -0.65927943    0.00421955    0.00000000    0.00000000    0.00129488
    0.00000021    0.00000539   -0.26611459    0.00000000   -0.00000000    0.00325719
   -0.00000000    0.00000000    0.00000000    0.02739868    0.00000000   -0.00000000
   -0.00000000    0.00000000   -0.00000000    0.00000000    0.05377908    0.00000000
   -0.00000001   -0.00000009   -0.00000725   -0.00000000    0.00000000    0.12343979

