 Original Matrix
           1  -4.6794770853000003        0.0000000000000000        0.0000000000000000        0.0000000000000000        0.0000000000000000        0.0000000000000000     
           2  -8.4717729999999995E-004 -0.51097485949999999        0.0000000000000000        0.0000000000000000        0.0000000000000000        0.0000000000000000     
           3   0.0000000000000000        0.0000000000000000      -0.47226603839999998        0.0000000000000000        0.0000000000000000        0.0000000000000000     
           4   0.0000000000000000        0.0000000000000000        0.0000000000000000        6.1825786200000003E-002   0.0000000000000000        0.0000000000000000     
           5   0.0000000000000000        0.0000000000000000        0.0000000000000000        0.0000000000000000        6.1825786200000003E-002   0.0000000000000000     
           6   6.5736850000000003E-004   1.6334368999999999E-003   0.0000000000000000        0.0000000000000000        0.0000000000000000       0.10723030159999999     
 Eigenvalues:
  1      -4.67947735
  2      -0.51097900
  3      -0.47226604
  4       0.06182579
  5       0.06182579
  6       0.10723471

 Eigenvectors:

 Transformed matrix (check):
   -4.67947709    0.00084891    0.00000000   -0.00000000   -0.00000000    0.00065546
    0.00000022   -0.51097486    0.00000000    0.00000000   -0.00000000    0.00163329
    0.00000000    0.00000000   -0.47226604    0.00000000   -0.00000000    0.00000000
   -0.00000000    0.00000000    0.00000000    0.06182579    0.00000000   -0.00000000
   -0.00000000   -0.00000000   -0.00000000    0.00000000    0.06182579    0.00000000
   -0.00000000   -0.00000013    0.00000000   -0.00000000    0.00000000    0.10723030

