0.8 [ 0.00249954  0.00878871 -0.000881    0.01108809  0.00486229  0.00892486
 -0.01166886  0.0002893  -0.01961679  0.00248553 -0.02219426  0.00677016
 -0.01891278  0.00216532 -0.03587907]
10.0 [-0.35235858  0.11463566 -0.05071107  0.36056288  0.1110652   0.05605535
 -0.62895254 -0.01560769 -0.12082247  0.01495857  0.00292978  0.00388915
 -0.12072841 -0.0056037  -0.01267454]
1.4008 [ 0.00020816  0.01597971 -0.00257831 -0.00510566  0.001559    0.00408801
 -0.03321698 -0.00560622 -0.04283546  0.00134661 -0.02754086 -0.00334942
 -0.03891065  0.00014401 -0.05823037]
4.0 [-0.02786417  0.07440262 -0.00422912  0.02585591  0.06724553  0.00932832
 -0.49263222  0.00129325 -0.13111684  0.00556332 -0.01493203  0.00759666
 -0.13316178 -0.00245013 -0.0359378 ]
