-0.13752 [0. 0. 0. 0. 0. 0. 0. 0. 0. 0. 0. 0. 0. 0. 0. 0. 0. 0. 0. 0. 0. 0. 0. 0.
 0. 0. 0. 0. 0. 0. 0. 0. 0. 0. 0. 0. 0. 0. 0. 0. 0. 0. 0. 0. 0. 0. 0. 0.
 0. 0. 0. 0. 0. 0. 0. 0. 0. 0. 0. 0. 0. 0. 0. 0. 0. 0. 0. 0. 0. 0. 0. 0.
 0. 0. 0. 0. 0. 0. 0. 0. 0. 0. 0. 0. 0. 0. 0. 0. 0. 0. 0. 0. 0. 0. 0. 0.
 0. 0. 0. 0. 0. 0. 0. 0. 0. 0. 0. 0. 0. 0. 0. 0. 0. 0. 0. 0. 0. 0. 0. 0.
 0. 0. 0. 0. 0. 0. 0. 0. 0. 0. 0. 0. 0. 0. 0. 0. 0. 0. 0. 0. 0. 0. 0. 0.
 0. 0. 0. 0. 0. 0. 0. 0. 0. 0. 0. 0. 0. 0. 0. 0. 0. 0. 0. 0. 0. 0. 0. 0.
 0. 0. 0. 0. 0. 0. 0. 0. 0. 0. 0. 0. 0. 0. 0. 0. 0. 0. 0. 0. 0. 0. 0. 0.
 0. 0. 0. 0. 0. 0. 0. 0. 0. 0. 0. 0. 0. 0.]
-0.146688 [0. 0. 0. 0. 0. 0. 0. 0. 0. 0. 0. 0. 0. 0. 0. 0. 0. 0. 0. 0. 0. 0. 0. 0.
 0. 0. 0. 0. 0. 0. 0. 0. 0. 0. 0. 0. 0. 0. 0. 0. 0. 0. 0. 0. 0. 0. 0. 0.
 0. 0. 0. 0. 0. 0. 0. 0. 0. 0. 0. 0. 0. 0. 0. 0. 0. 0. 0. 0. 0. 0. 0. 0.
 0. 0. 0. 0. 0. 0. 0. 0. 0. 0. 0. 0. 0. 0. 0. 0. 0. 0. 0. 0. 0. 0. 0. 0.
 0. 0. 0. 0. 0. 0. 0. 0. 0. 0. 0. 0. 0. 0. 0. 0. 0. 0. 0. 0. 0. 0. 0. 0.
 0. 0. 0. 0. 0. 0. 0. 0. 0. 0. 0. 0. 0. 0. 0. 0. 0. 0. 0. 0. 0. 0. 0. 0.
 0. 0. 0. 0. 0. 0. 0. 0. 0. 0. 0. 0. 0. 0. 0. 0. 0. 0. 0. 0. 0. 0. 0. 0.
 0. 0. 0. 0. 0. 0. 0. 0. 0. 0. 0. 0. 0. 0. 0. 0. 0. 0. 0. 0. 0. 0. 0. 0.
 0. 0. 0. 0. 0. 0. 0. 0. 0. 0. 0. 0. 0. 0. 0. 0. 0. 0. 0. 0. 0. 0. 0. 0.
 0. 0. 0. 0. 0. 0. 0. 0.]
-0.155856 [0. 0. 0. 0. 0. 0. 0. 0. 0. 0. 0. 0. 0. 0. 0. 0. 0. 0. 0. 0. 0. 0. 0. 0.
 0. 0. 0. 0. 0. 0. 0. 0. 0. 0. 0. 0. 0. 0. 0. 0. 0. 0. 0. 0. 0. 0. 0. 0.
 0. 0. 0. 0. 0. 0. 0. 0. 0. 0. 0. 0. 0. 0. 0. 0. 0. 0. 0. 0. 0. 0. 0. 0.
 0. 0. 0. 0. 0. 0. 0. 0. 0. 0. 0. 0. 0. 0. 0. 0. 0. 0. 0. 0. 0. 0. 0. 0.
 0. 0. 0. 0. 0. 0. 0. 0. 0. 0. 0. 0. 0. 0. 0. 0. 0. 0. 0. 0. 0. 0. 0. 0.
 0. 0. 0. 0. 0. 0. 0. 0. 0. 0. 0. 0. 0. 0. 0. 0. 0. 0. 0. 0. 0. 0. 0. 0.
 0. 0. 0. 0. 0. 0. 0. 0. 0. 0. 0. 0. 0. 0. 0. 0. 0. 0. 0. 0. 0. 0. 0. 0.
 0. 0. 0. 0. 0. 0. 0. 0. 0. 0. 0. 0. 0. 0. 0. 0. 0. 0. 0. 0. 0. 0. 0. 0.
 0. 0. 0. 0. 0. 0. 0. 0. 0. 0. 0. 0. 0. 0. 0. 0. 0. 0. 0. 0. 0. 0. 0. 0.]
-0.165024 [0. 0. 0. 0. 0. 0. 0. 0. 0. 0. 0. 0. 0. 0. 0. 0. 0. 0. 0. 0. 0. 0. 0. 0.
 0. 0. 0. 0. 0. 0. 0. 0. 0. 0. 0. 0. 0. 0. 0. 0. 0. 0. 0. 0. 0. 0. 0. 0.
 0. 0. 0. 0. 0. 0. 0. 0. 0. 0. 0. 0. 0. 0. 0. 0. 0. 0. 0. 0. 0. 0. 0. 0.
 0. 0. 0. 0. 0. 0. 0. 0. 0. 0. 0. 0. 0. 0. 0. 0. 0. 0. 0. 0. 0. 0. 0. 0.
 0. 0. 0. 0. 0. 0. 0. 0. 0. 0. 0. 0. 0. 0. 0. 0. 0. 0. 0. 0. 0. 0. 0. 0.
 0. 0. 0. 0. 0. 0. 0. 0. 0. 0. 0. 0. 0. 0. 0. 0. 0. 0. 0. 0. 0. 0. 0. 0.
 0. 0. 0. 0. 0. 0. 0. 0. 0. 0. 0. 0. 0. 0. 0. 0. 0. 0. 0. 0. 0. 0. 0. 0.
 0. 0. 0. 0. 0. 0. 0. 0. 0. 0. 0. 0.]
-0.174192 [0. 0. 0. 0. 0. 0. 0. 0. 0. 0. 0. 0. 0. 0. 0. 0. 0. 0. 0. 0. 0. 0. 0. 0.
 0. 0. 0. 0. 0. 0. 0. 0. 0. 0. 0. 0. 0. 0. 0. 0. 0. 0. 0. 0. 0. 0. 0. 0.
 0. 0. 0. 0. 0. 0. 0. 0. 0. 0. 0. 0. 0. 0. 0. 0. 0. 0. 0. 0. 0. 0. 0. 0.
 0. 0. 0. 0. 0. 0. 0. 0. 0. 0. 0. 0. 0. 0. 0. 0. 0. 0. 0. 0. 0. 0. 0. 0.
 0. 0. 0. 0. 0. 0. 0. 0. 0. 0. 0. 0. 0. 0. 0. 0. 0. 0. 0. 0. 0. 0. 0. 0.
 0. 0. 0. 0. 0. 0. 0. 0. 0. 0. 0. 0. 0. 0. 0. 0. 0. 0. 0. 0. 0. 0. 0. 0.
 0. 0. 0. 0. 0. 0. 0. 0. 0. 0. 0. 0. 0. 0. 0. 0. 0. 0. 0. 0. 0. 0. 0. 0.
 0. 0. 0. 0. 0. 0. 0. 0. 0. 0. 0. 0. 0. 0. 0. 0. 0. 0. 0. 0. 0. 0. 0. 0.
 0. 0. 0. 0. 0. 0. 0. 0. 0. 0. 0. 0. 0. 0. 0. 0. 0. 0. 0. 0.]
-0.18336 [0. 0. 0. 0. 0. 0. 0. 0. 0. 0. 0. 0. 0. 0. 0. 0. 0. 0. 0. 0. 0. 0. 0. 0.
 0. 0. 0. 0. 0. 0. 0. 0. 0. 0. 0. 0. 0. 0. 0. 0. 0. 0. 0. 0. 0. 0. 0. 0.
 0. 0. 0. 0. 0. 0. 0. 0. 0. 0. 0. 0. 0. 0. 0. 0. 0. 0. 0. 0. 0. 0. 0. 0.
 0. 0. 0. 0. 0. 0. 0. 0. 0. 0. 0. 0. 0. 0. 0. 0. 0. 0. 0. 0. 0. 0. 0. 0.
 0. 0. 0. 0. 0. 0. 0. 0. 0. 0. 0. 0. 0. 0. 0. 0. 0. 0. 0. 0. 0. 0. 0. 0.
 0. 0. 0. 0. 0. 0. 0. 0. 0. 0. 0. 0. 0. 0. 0. 0. 0. 0. 0. 0. 0. 0. 0. 0.
 0. 0. 0. 0. 0. 0. 0. 0. 0. 0. 0. 0. 0. 0. 0. 0. 0. 0. 0. 0. 0. 0. 0. 0.
 0. 0. 0. 0. 0. 0. 0. 0. 0. 0. 0. 0. 0. 0. 0. 0. 0. 0. 0. 0. 0. 0. 0. 0.
 0. 0. 0. 0.]
-0.192528 [0. 0. 0. 0. 0. 0. 0. 0. 0. 0. 0. 0. 0. 0. 0. 0. 0. 0. 0. 0. 0. 0. 0. 0.
 0. 0. 0. 0. 0. 0. 0. 0. 0. 0. 0. 0. 0. 0. 0. 0. 0. 0. 0. 0. 0. 0. 0. 0.
 0. 0. 0. 0. 0. 0. 0. 0. 0. 0. 0. 0. 0. 0. 0. 0. 0. 0. 0. 0. 0. 0. 0. 0.
 0. 0. 0. 0. 0. 0. 0. 0. 0. 0. 0. 0. 0. 0. 0. 0. 0. 0. 0. 0. 0. 0. 0. 0.
 0. 0. 0. 0. 0. 0. 0. 0. 0. 0. 0. 0. 0. 0. 0. 0. 0. 0. 0. 0. 0. 0. 0. 0.
 0. 0. 0. 0. 0. 0. 0. 0. 0. 0. 0. 0. 0. 0. 0. 0. 0. 0. 0. 0. 0. 0. 0. 0.
 0. 0. 0. 0. 0. 0. 0. 0. 0. 0. 0. 0. 0. 0. 0. 0. 0. 0. 0. 0. 0. 0. 0. 0.
 0. 0. 0. 0. 0. 0. 0. 0. 0. 0. 0. 0. 0. 0. 0. 0. 0. 0. 0. 0. 0. 0. 0. 0.
 0. 0. 0. 0. 0. 0. 0. 0. 0. 0.]
-0.201696 [0. 0. 0. 0. 0. 0. 0. 0. 0. 0. 0. 0. 0. 0. 0. 0. 0. 0. 0. 0. 0. 0. 0. 0.
 0. 0. 0. 0. 0. 0. 0. 0. 0. 0. 0. 0. 0. 0. 0. 0. 0. 0. 0. 0. 0. 0. 0. 0.
 0. 0. 0. 0. 0. 0. 0. 0. 0. 0. 0. 0. 0. 0. 0. 0. 0. 0. 0. 0. 0. 0. 0. 0.
 0. 0. 0. 0. 0. 0. 0. 0. 0. 0. 0. 0. 0. 0. 0. 0. 0. 0. 0. 0. 0. 0. 0. 0.
 0. 0. 0. 0. 0. 0. 0. 0. 0. 0. 0. 0. 0. 0. 0. 0. 0. 0. 0. 0. 0. 0. 0. 0.
 0. 0. 0. 0. 0. 0. 0. 0. 0. 0. 0. 0. 0. 0. 0. 0. 0. 0. 0. 0. 0. 0. 0. 0.
 0. 0. 0. 0. 0. 0. 0. 0. 0. 0. 0. 0. 0. 0. 0. 0. 0. 0. 0. 0. 0. 0. 0. 0.
 0. 0. 0. 0. 0. 0. 0. 0. 0. 0. 0. 0. 0. 0.]
-0.210864 [0. 0. 0. 0. 0. 0. 0. 0. 0. 0. 0. 0. 0. 0. 0. 0. 0. 0. 0. 0. 0. 0. 0. 0.
 0. 0. 0. 0. 0. 0. 0. 0. 0. 0. 0. 0. 0. 0. 0. 0. 0. 0. 0. 0. 0. 0. 0. 0.
 0. 0. 0. 0. 0. 0. 0. 0. 0. 0. 0. 0. 0. 0. 0. 0. 0. 0. 0. 0. 0. 0. 0. 0.
 0. 0. 0. 0. 0. 0. 0. 0. 0. 0. 0. 0. 0. 0. 0. 0. 0. 0. 0. 0. 0. 0. 0. 0.
 0. 0. 0. 0. 0. 0. 0. 0. 0. 0. 0. 0. 0. 0. 0. 0. 0. 0. 0. 0. 0. 0. 0. 0.
 0. 0. 0. 0. 0. 0. 0. 0. 0. 0. 0. 0. 0. 0. 0. 0. 0. 0. 0. 0. 0. 0. 0. 0.
 0. 0. 0. 0. 0. 0. 0. 0. 0. 0. 0. 0. 0. 0. 0. 0. 0. 0. 0. 0. 0. 0. 0. 0.
 0. 0. 0. 0. 0. 0. 0. 0. 0. 0. 0. 0. 0. 0. 0. 0. 0. 0. 0. 0. 0. 0. 0. 0.
 0. 0. 0. 0. 0. 0. 0. 0. 0. 0. 0. 0. 0. 0. 0. 0. 0. 0.]
-0.220032 [-1.20332080e-03  1.75596541e-04 -2.82730670e-02 -1.62749635e-03
 -1.26723508e-03  1.26884978e-03  1.71913622e-03 -3.33841743e-04
  1.41311789e-03  2.15766135e-03 -1.46069996e-03 -3.38018628e-04
  6.35808247e-04  2.07316770e-03  1.53303914e-03  1.87993503e-03
  6.67808993e-04  9.05758598e-04  1.69309592e-03  2.50990378e-03
  2.01768269e-04  1.40756217e-03  1.09849561e-03  2.87670568e-03
  2.90893675e-03  5.63579913e-05  1.54865037e-03  2.93394348e-03
  1.00013170e-03  4.05697895e-04 -2.85685033e-02 -1.83221105e-03
  5.10461480e-04 -7.89726524e-02 -4.30385797e-03 -7.73263489e-04
  2.53502683e-02  2.96619520e-02 -5.62985149e-03 -8.47206205e-03
 -5.04589325e-05 -2.03119565e-02 -2.20163238e-02 -4.95892313e-03
  3.40284801e-03 -4.20728621e-03 -1.50638836e-03  7.88219193e-03
  1.55999400e-02  7.99552281e-03  1.44606302e-02 -1.83153914e-02
 -1.75338485e-02 -5.97900181e-03 -1.08407139e-03 -7.12370582e-03
  1.74012057e-03 -5.64327079e-03  3.47973186e-04 -8.59273722e-03
  4.47226775e-03 -2.89198182e-03  2.50642455e-03  1.19904893e-03
  2.72685932e-03 -4.49558411e-03 -1.30795787e-03 -3.98535546e-03
  7.96681594e-04 -2.34342257e-02  1.50235286e-02  1.04031335e-02
 -1.28480527e-02  2.64412232e-02  3.98901741e-02  4.03286324e-02
 -4.55693234e-02 -1.11507973e-02 -1.00600830e-03 -8.39079261e-03
 -2.31766819e-03 -6.30024758e-03 -1.09240718e-03 -4.13255633e-03
  1.52068727e-03 -4.77215134e-03 -2.33127476e-03 -4.48984831e-03
  2.81742104e-03 -3.74807059e-03  5.26646113e-04 -6.04449009e-03
  1.17594886e-03 -5.35971568e-03  9.45771664e-04 -6.26816664e-03
  3.21149899e-03  9.79980608e-03  1.85625404e-02 -1.21207423e-02
 -5.81819386e-03 -7.34625836e-03  2.23024592e-03 -6.10935909e-03
  1.24398668e-03 -5.60311179e-03  3.11277948e-03 -5.29639023e-03
 -3.86237244e-04 -5.79045118e-03  1.69892771e-03 -6.21252647e-03
  2.36095368e-03  2.35787561e-02  2.78756514e-02  1.39458964e-02
  1.98833914e-02 -7.85225694e-03 -1.15783145e-03 -7.59107635e-03
  1.61903424e-03 -6.74584475e-03  1.63492019e-03 -4.80670044e-03
  7.69195459e-04 -5.28165098e-03  2.71981926e-03 -6.24786885e-03
  2.91598492e-03  2.92579565e-02  3.38538823e-02  4.00243592e-02
  4.55471966e-02 -1.82772664e-02 -1.11091118e-02 -1.31276531e-02]
-0.2292 [ 0.00041352  0.00053324  0.00031364  0.00042249  0.00046309  0.00046417
  0.00051518  0.00054095  0.00046417  0.00053324  0.00063142  0.00071768
  0.00041626  0.00049939  0.00059586  0.00059465  0.00059465  0.00072072
  0.00066161  0.0004946   0.00060032  0.00070914  0.00072072  0.00066161
  0.0004946   0.00060032  0.00070914  0.00071768  0.00073782  0.00055436
  0.00065299  0.00082206  0.00078016  0.000692    0.00065812  0.00078016
  0.00031364  0.00041626  0.00055436 -0.12494859 -0.00160416 -0.0018394
 -0.00230318 -0.00167103 -0.00243624 -0.00232769 -0.00316856 -0.00327036
 -0.00332181 -0.00207905 -0.00229027 -0.00286506 -0.00247998 -0.00316906
 -0.00256917 -0.00298087 -0.00341443 -0.0032946  -0.00160632 -0.00305687
 -0.00312855 -0.00215493 -0.00219992 -0.00370037 -0.00408994 -0.00315252
 -0.00153146 -0.00307679 -0.00310361 -0.00206748 -0.00208319 -0.0030922
 -0.00252255 -0.00355644 -0.00343395 -0.00247208 -0.00232671 -0.00449331
 -0.00328122 -0.00374391 -0.00302765 -0.00345655 -0.00244469 -0.00198573
 -0.0015973  -0.00136327 -0.0015814  -0.00410799 -0.00237495 -0.00254559
 -0.00144427 -0.00298061 -0.00320767 -0.00433288 -0.00382111 -0.00272442
 -0.00284264 -0.00390982 -0.00356049 -0.00324142 -0.00243215 -0.00355519
 -0.00243643 -0.00364908 -0.00151445 -0.00273605 -0.00263115 -0.00321829
 -0.00257336 -0.00300482 -0.00251462 -0.00446254 -0.00288862 -0.00309819
 -0.00282588 -0.00341767 -0.00187442 -0.00225955 -0.00116682 -0.00190425
 -0.00311284 -0.0025329  -0.0020049  -0.00186831 -0.00207826  0.01055251
  0.015223   -0.00228304 -0.00237953 -0.00400622 -0.00342611 -0.0039804
 -0.00360065 -0.00404595 -0.00342385  0.01041002  0.01251915 -0.00329909
 -0.00356429 -0.01845905 -0.01829196 -0.00424775 -0.00349104 -0.00471978
 -0.00430798 -0.00396151 -0.0033749  -0.00442445 -0.00260082 -0.00396965
 -0.00324147 -0.00310492 -0.00250144 -0.00339861 -0.00332592 -0.00448837
 -0.00378632 -0.00444707 -0.00365019 -0.00247843 -0.00185492  0.03278553
  0.03558094 -0.00391626 -0.00314311 -0.00413003 -0.0039457  -0.00488494
 -0.00439913 -0.0049406  -0.00422626 -0.02194595 -0.01548526 -0.00410799
 -0.00337635 -0.00379762 -0.00319191 -0.00394973 -0.00397919 -0.00456541
 -0.00386336 -0.00512826 -0.00433138 -0.00281274 -0.0021705  -0.00251988
 -0.00238996 -0.00346276 -0.00270896 -0.0031409  -0.00290147 -0.00364553
 -0.0031544  -0.00337327 -0.00265396 -0.00388542]
-0.238368 [ 0.00078411  0.00088779  0.00070947  0.00080052  0.00083288  0.00083799
  0.00090089  0.00086458  0.00083799  0.00088779  0.00097114  0.00102995
  0.0007962   0.00086397  0.0009374   0.00094106  0.00095459  0.00094447
  0.00094106  0.00103739  0.00098524  0.0008585   0.00094325  0.00102515
  0.00103739  0.00098524  0.0008585   0.00094325  0.00102515  0.00102995
  0.00104296  0.00090742  0.00097906  0.00111881  0.00107913  0.00097204
  0.00102593  0.00107913  0.00070947  0.0007962   0.00090742 -0.12451325
 -0.00268252 -0.00359517 -0.00389157 -0.00318138 -0.00342049 -0.0033141
 -0.0045108  -0.00514906 -0.00599841 -0.00316467 -0.00393557 -0.00470465
 -0.00446625 -0.00453281 -0.00425937 -0.00499979 -0.00667724 -0.00558652
 -0.00308393 -0.00445175 -0.00496072 -0.00350395 -0.00409822 -0.00551291
 -0.00659543 -0.00556962 -0.00308461 -0.004471   -0.00491361 -0.00327559
 -0.00380358 -0.00535944 -0.00485003 -0.00615814 -0.0069245  -0.00396166
 -0.00426294 -0.00623637 -0.0049198  -0.00535698 -0.00504064 -0.0231011
 -0.02044192 -0.00308874 -0.00279549 -0.00201331 -0.00272312  0.02397233
  0.01674343 -0.00446024 -0.00282972 -0.00443912 -0.00512574 -0.00658675
 -0.00652839 -0.00394919 -0.00452658 -0.02289807 -0.02383385 -0.00533565
 -0.00502107 -0.00569469 -0.00451334 -0.00610468 -0.00627846 -0.00338406
 -0.00396506 -0.00516963 -0.00481945 -0.00554443 -0.00465876 -0.00529755
 -0.00607777 -0.00511582 -0.00461287 -0.00578712 -0.00446443 -0.00328236
 -0.00294575 -0.00200434 -0.00270563 -0.00586526 -0.00376918 -0.00411873
 -0.0026162  -0.00413434 -0.00459607 -0.00600727 -0.00602755 -0.00347154
 -0.00400787 -0.00523161 -0.00490781 -0.00469755 -0.00454359 -0.00542042
 -0.00461981  0.00747072  0.00904294 -0.00394696 -0.0045228  -0.00585239
 -0.00550819 -0.00554778 -0.00534854 -0.00627868 -0.00641087 -0.00540415
 -0.00491445 -0.00606842 -0.00379253 -0.00533034 -0.00469315 -0.00496101
 -0.00456401 -0.00516157 -0.00560497 -0.00610911 -0.00543782 -0.00599878
 -0.00554704  0.00604713  0.00666476 -0.00417854 -0.00348289 -0.00395685
 -0.00386406 -0.0052488  -0.00449602 -0.00503574 -0.00483771 -0.00589265
 -0.00543535 -0.00603447 -0.00536776 -0.00632818 -0.00412828 -0.00574508
 -0.00509555 -0.00534492 -0.00495016 -0.00554329 -0.00605998 -0.00655021
 -0.00587113 -0.00640968 -0.00596442 -0.00736878 -0.00675114 -0.00395994
 -0.00327954 -0.00374053 -0.0036374  -0.00494586 -0.00420784 -0.00472356
 -0.0045149  -0.00548935 -0.00503353 -0.0053694  -0.0047097  -0.00583175]
-0.256704 [-2.59941598e-03 -2.59941598e-03 -2.59941598e-03 -2.59941598e-03
 -2.59941598e-03 -2.59941598e-03 -2.59941598e-03 -2.59941598e-03
 -2.59941598e-03 -2.59941598e-03 -2.59941598e-03 -2.59941598e-03
 -2.59941598e-03 -2.59941598e-03 -2.59941598e-03 -2.59941598e-03
 -2.59941598e-03 -2.59941598e-03 -2.59941598e-03 -2.59941598e-03
 -2.59941598e-03 -2.59941598e-03 -2.59941598e-03 -2.59941598e-03
 -2.59941598e-03 -2.59941598e-03 -2.59941598e-03 -2.59941598e-03
 -2.59941598e-03 -2.59941598e-03 -2.59941598e-03 -2.59941598e-03
 -2.59941598e-03 -2.59941598e-03 -2.59941598e-03 -2.59941598e-03
 -2.59941598e-03 -1.27599416e-01 -1.23931277e-01  3.19236778e-04
  3.19075896e-04  3.19157776e-04  3.19967830e-04  3.19893696e-04
  3.20979355e-04  3.21033185e-04  3.18178485e-04  3.19236138e-04
  3.18483877e-04  3.19648051e-04  3.19609585e-04  3.19063489e-04
  3.19093327e-04  3.21039720e-04  3.21160642e-04  3.19327567e-04
  3.19966121e-04  3.19123977e-04  3.18714937e-04  3.20990207e-04
  3.21055872e-04  1.44969322e-02  1.91718885e-02  7.94986084e-05
  1.75959093e-04  1.17706585e-04  7.28057574e-05  1.70899506e-04
  1.19821794e-04  7.51665258e-05  8.52478078e-05  4.62546850e-05
 -2.52181720e-05  1.50379845e-04  1.13644113e-04  2.20084707e-05
  6.28479380e-05  6.97397034e-05  7.44676214e-05  6.28479380e-05
  8.68738493e-05  1.68720049e-04  1.67132985e-04  2.38451074e-04
  1.85369923e-04  1.12904938e-04  1.11053030e-04  1.81990222e-04
  1.18074756e-04  6.44762365e-05  1.03527172e-05  1.89805547e-02
  9.58823875e-03 -1.44574474e-02 -1.76842315e-02  3.94383633e-05
  5.14317945e-05  4.91315888e-05  3.66669504e-05  6.28304461e-05
 -3.09210013e-05  1.51832325e-04  9.98805298e-05  5.30720478e-05
  3.84865154e-05  3.17504032e-05  5.05482631e-05  5.88658117e-05
  3.82457702e-07  4.95638261e-05  4.82334818e-05  1.23146548e-05
  6.43502822e-05  1.56165010e-04  1.57269993e-04  2.33137287e-04
  1.75024895e-04  9.56528721e-05  9.73750247e-05  1.87690017e-04
  1.25759544e-04  5.50539066e-05 -4.91894557e-05  1.42812919e-04
  8.39016425e-05  7.78727751e-05  6.91581202e-05  3.48655828e-05
  1.49542950e-05  6.75435803e-05  8.22213653e-05 -3.51707041e-05
 -7.20632441e-05  1.31552744e-04  7.73167223e-05 -1.38296806e-02
 -1.43229238e-02  4.46144051e-04  4.44244070e-04  4.50904080e-04
  4.70877429e-04  4.77616626e-04  4.77536788e-04  4.52661662e-04
  4.08643166e-04  4.74321425e-04  4.69584065e-04  4.31788073e-04
  4.31188839e-04  4.70616977e-04  5.00499888e-04  5.04184272e-04
  5.04184272e-04  4.75258212e-04  4.75258212e-04  4.00520591e-04
  3.97383931e-04  4.24128947e-04  4.31587684e-04  4.62815027e-04
  4.59088251e-04  4.21704024e-04  4.25885423e-04  4.47303089e-04
  4.48724804e-04  1.65798980e-02  1.66329751e-02 -1.70750477e-02
 -1.16925247e-02  3.15356987e-04  3.15659294e-04  3.15836937e-04
  3.15887956e-04  3.15659294e-04  3.13765698e-04  3.13532229e-04
  3.13532229e-04  3.11913096e-04  3.11913096e-04  3.18290711e-04
  3.18566355e-04  3.18752421e-04  3.18290711e-04  3.16357680e-04
  3.16588374e-04  3.16712498e-04  3.16357680e-04  3.14871825e-04
  3.14755077e-04  3.14904216e-04  3.14871825e-04  3.14196034e-04]
-0.27504 [ 5.40937648e-05  7.39138289e-04  7.20818050e-05  2.14669685e-06
  2.74768604e-06  2.97201837e-06  3.48735412e-06  4.19185760e-06
  5.18534522e-06 -1.31279306e-05 -1.83358624e-05 -2.41825758e-05
 -2.77040549e-05 -3.45131787e-05 -1.84512902e-05 -2.47425399e-05
 -2.95321985e-05 -4.17413242e-05 -2.30913002e-05 -3.48080718e-05
 -4.16542478e-05 -2.30419367e-05 -3.47363651e-05 -3.28680207e-05
 -4.62581290e-05 -3.51070217e-05 -3.54150391e-05 -3.52429314e-05
 -3.50357330e-05 -2.40624641e-05 -2.95965008e-05 -3.62946665e-05
 -2.28735582e-05 -6.40525029e-06 -1.24455610e-05 -1.78671668e-05
 -1.36953134e-05 -1.38597746e-05 -1.24300799e-05 -1.93834881e-05
 -1.94291232e-05 -1.96435395e-05 -2.37918233e-05 -3.48319643e-05
 -2.78692381e-05 -2.61271795e-05 -2.60178390e-05 -2.69505931e-05
 -1.57287655e-05 -2.07796360e-05 -2.65417747e-05 -2.30135196e-05
 -3.50198211e-05 -2.60335993e-05 -2.64758744e-05 -2.48446375e-05
 -2.57122688e-05 -1.44403195e-05 -1.98408359e-05  1.35414681e-06
 -3.41463824e-05 -1.76759792e-05 -3.04055136e-05 -2.55359799e-05
 -2.25866089e-05 -6.30878018e-06 -1.22799017e-05 -1.76399463e-05
 -1.36830475e-05 -1.35129807e-05 -1.22666051e-05 -1.91419007e-05
 -1.94073790e-05 -1.91815370e-05 -2.28747152e-05 -3.46039559e-05
 -2.57341291e-05 -2.46620691e-05 -2.62597190e-05 -2.59866637e-05
 -1.44709256e-05 -1.97639102e-05 -2.34296151e-05 -3.43174839e-05
 -2.65871841e-05 -2.54553475e-05 -2.59168297e-05 -2.74214614e-05
 -1.54874642e-05 -2.04705829e-05 -2.61561838e-05  5.43846726e-06
 -3.37737751e-05 -1.74742119e-05 -3.00744681e-05 -2.52561007e-05
 -1.26014025e-05 -1.77863461e-05 -2.34492696e-05 -1.54323765e-05
 -1.42212502e-05 -1.43648263e-05 -1.54212541e-05 -1.25034896e-01
  1.46115230e-04  2.09385548e-04  2.50143232e-04  2.99210625e-04
  3.93640191e-04  1.57294753e-02  1.51353873e-02  1.13586037e-04
  1.17618174e-04 -1.27819845e-02 -1.84588711e-02  2.42162869e-04
  1.63860403e-04  2.24075997e-04  2.90633313e-04  1.65622783e-04
  2.26399513e-04  2.53146485e-04  1.51057678e-04  2.26604198e-04
  1.64008548e-04  2.24278581e-04  2.90896071e-04  2.59928909e-04
  2.52608702e-04  3.26445885e-04  4.00333533e-04  3.00363774e-04
  3.00363774e-04  1.93605952e-04  2.42626942e-04  3.25574595e-04
  9.55770872e-06  1.49471553e-05  2.55026546e-04  2.38470839e-04
  2.38926591e-04  2.55180549e-04  2.03202695e-04  2.77323734e-04
  3.28111833e-04  3.85470764e-04  3.85470764e-04  1.68977067e-04
  1.71643088e-04  2.31110807e-04  2.30487381e-04  2.85325225e-04
  2.86100140e-04  2.19782428e-02  2.18349915e-02 -9.49921118e-06
 -9.55958232e-06 -1.24242989e-05  2.19124858e-05  3.09836779e-05
 -1.05561005e-05 -1.02955758e-05 -1.03152521e-05 -1.05561005e-05
 -8.40592309e-06 -1.14721017e-05 -1.35730622e-05 -1.59458396e-05
 -1.59458396e-05 -7.06757530e-06 -7.17908334e-06 -9.55958232e-06
 -9.53379517e-06 -1.23906472e-05 -1.24242989e-05 -7.11394303e-06
 -7.06757530e-06 -9.49921118e-06 -9.55958232e-06 -1.24242989e-05]
-0.293376 [-7.08012050e-03  1.96930231e-04  6.49267655e-03 -4.54947284e-03
 -1.96028770e-03 -1.09564592e-02 -4.07572404e-04 -3.19825585e-03
  3.59420790e-03  2.61466424e-03 -4.21521000e-03 -3.59204938e-03
 -6.09949291e-04  3.25293770e-04 -1.72640950e-03  4.63202367e-03
 -4.34535865e-03  3.05076162e-03  6.94615439e-03  2.78075463e-05
  5.68035476e-03  7.86245762e-03  2.66454005e-03  2.31419235e-05
  2.06969235e-03 -1.83064879e-03  1.44759826e-02 -6.87200121e-03
 -4.14616103e-03 -8.47566388e-03 -8.41719516e-03 -3.17491181e-03
 -3.06423212e-03 -5.04279495e-03 -9.29533232e-03 -6.88612479e-03
 -1.42756723e-02 -2.75078119e-02 -4.34953039e-03  1.27761226e-03
 -7.49820557e-05 -3.81321920e-03 -2.60685944e-03  1.31567570e-03
  1.22530263e-03 -4.35880522e-03 -1.28213846e-02 -8.59933235e-03
 -2.17080744e-03 -7.02289819e-03 -7.21512033e-03 -5.34851468e-03
 -5.24273285e-03 -9.07848448e-04 -2.99094321e-03 -2.47449447e-03
  9.43444764e-03 -1.14829863e-02 -9.72545718e-03 -7.08150983e-03
 -6.53004373e-03  3.85144402e-03 -4.58011406e-03 -1.92761324e-03
 -1.53213238e-03  7.62094486e-05 -6.65913017e-03  4.34416098e-05
 -2.31418923e-02 -2.46778748e-02 -1.46642910e-01 -1.14153824e-01
  3.53646196e-02 -1.27451208e-02 -1.00407871e-02  4.36015370e-03
  6.18963731e-04 -6.67500801e-02 -1.39426372e-02  2.00463389e-03
  8.13517570e-03 -5.06715663e-03 -6.18942530e-03  1.59527127e-03
 -9.92381316e-03 -2.30604973e-02 -1.86798010e-02 -3.93648603e-03
 -8.95339157e-03  3.68657265e-04 -1.41819863e-02  7.46335445e-03
 -9.32497803e-03  3.38089741e-02  4.53854528e-02 -1.03006804e-02
 -2.00147181e-04 -9.39795725e-03 -1.37127038e-02 -4.34903479e-03
  9.78442359e-04  8.27782449e-03 -1.90821246e-02  1.98350217e-03
  3.29067549e-03  1.82162775e-02  7.01293919e-05  5.67635558e-03
 -1.28396770e-03 -1.74856153e-02  9.13496669e-03  1.48468726e-02
 -9.56556376e-03 -6.93842672e-03  3.48741011e-02  3.30462503e-02
  8.42820075e-03  2.46858122e-02]
-0.311712 [ 1.54080358e-07  1.54080358e-07  1.54080358e-07  1.54080358e-07
  1.54080358e-07  1.54080358e-07  1.54080358e-07  1.54080358e-07
  1.54080358e-07  1.54080358e-07  1.54080358e-07  1.54080358e-07
  1.54080358e-07  1.54080358e-07  1.54080358e-07  1.54080358e-07
  1.54080358e-07  1.54080358e-07  1.54080358e-07  1.54080358e-07
  1.54080358e-07  1.54080358e-07  1.54080358e-07  1.54080358e-07
  1.54080358e-07  1.54080358e-07  1.54080358e-07  1.54080358e-07
  1.54080358e-07  1.54080358e-07  1.54080358e-07  1.54080358e-07
  1.54080358e-07  1.54080358e-07  1.54080358e-07  1.54080358e-07
  1.54080358e-07  1.54080358e-07  1.54080358e-07  1.54080358e-07
  1.54080358e-07  1.54080358e-07  1.54080358e-07  1.54080358e-07
  1.54080358e-07  1.54080358e-07  1.54080358e-07  1.54080358e-07
  1.54080358e-07  1.54080358e-07  1.54080358e-07  1.54080358e-07
  1.54080358e-07  1.54080358e-07  1.54080358e-07  1.54080358e-07
  1.54080358e-07  1.54080358e-07  1.54080358e-07  1.54080358e-07
  1.54080358e-07  1.54080358e-07  1.54080358e-07  1.54080358e-07
  1.54080358e-07  1.54080358e-07  1.54080358e-07  1.54080358e-07
  1.54080358e-07  1.54080358e-07  1.54080358e-07  1.54080358e-07
  1.54080358e-07  1.54080358e-07  1.54080358e-07  1.54080358e-07
  1.54080358e-07  1.54080358e-07  1.54080358e-07  1.54080358e-07
  1.54080358e-07  1.54080358e-07  1.54080358e-07  1.54080358e-07
  1.54080358e-07  1.54080358e-07  1.54080358e-07  1.54080358e-07
  1.54080358e-07  1.54080358e-07  1.54080358e-07  1.54080358e-07
  1.54080358e-07  1.54080358e-07  1.54080358e-07  1.54080358e-07
  1.54080358e-07  1.54080358e-07 -1.24999846e-01 -2.49556943e-06
  1.37701157e-05  2.39341726e-05 -7.03736428e-06 -5.30216694e-06
  1.97662185e-05  1.99309851e-05  2.82633142e-05  1.38337584e-05
  1.65391327e-05  1.99076818e-05  1.34934063e-05  1.96056615e-05
  2.47599321e-05  1.39329316e-05  1.84021087e-05  2.27275011e-05
 -9.29469156e-06 -5.41931543e-06  1.82425467e-05  2.25926976e-05
 -5.86559767e-06 -8.37973589e-06  2.10661919e-05  2.07397330e-05
 -1.00721280e-05 -1.27656589e-05  2.69944214e-05  2.00325160e-05
 -1.32660655e-05 -1.31047636e-05  2.00246808e-02  1.12582669e-02
 -3.97421880e-04 -5.32361038e-04 -5.08105584e-04 -4.99483029e-04
 -5.00965088e-04 -5.08105584e-04 -4.76930885e-04 -6.18808235e-04
 -6.41235481e-04 -6.15785108e-04 -3.32481435e-04 -3.42538673e-04
 -1.49218084e-02 -1.49234583e-02  1.32497431e-04  1.22225031e-04
  1.22965145e-04  7.08762078e-05  7.07244389e-05  9.89784991e-05
  9.97797651e-05  1.21782792e-04  1.22225031e-04  1.08753896e-04
  1.06901873e-04  1.07220202e-04  1.08753896e-04  1.07878652e-04
  1.40100907e-04  1.40100907e-04  1.34524374e-04  7.07244389e-05
  7.28752832e-05  9.97797651e-05  9.97907437e-05  1.32497431e-04
  1.22225031e-04  1.22965145e-04  7.08762078e-05  7.07244389e-05
  9.89784991e-05  9.97797651e-05  1.21782792e-04  1.22225031e-04]
-0.330048 [ 0.     0.     0.     0.     0.     0.     0.     0.     0.     0.
  0.     0.     0.     0.     0.     0.     0.     0.     0.     0.
  0.     0.     0.     0.     0.     0.     0.     0.     0.     0.
  0.     0.     0.     0.     0.     0.     0.     0.     0.     0.
  0.     0.     0.     0.     0.     0.     0.     0.     0.     0.
  0.     0.     0.     0.     0.     0.     0.     0.     0.     0.
  0.     0.     0.     0.     0.     0.     0.     0.     0.     0.
  0.     0.     0.     0.     0.     0.     0.     0.     0.     0.
  0.     0.     0.     0.     0.     0.     0.     0.     0.     0.
  0.     0.     0.     0.     0.     0.     0.     0.     0.     0.
  0.     0.     0.     0.    -0.125  0.     0.     0.     0.     0.
  0.     0.     0.     0.     0.     0.     0.     0.     0.     0.
  0.     0.     0.     0.     0.     0.     0.     0.     0.     0.
  0.     0.     0.     0.     0.     0.     0.     0.     0.     0.
  0.     0.     0.     0.     0.     0.     0.     0.     0.     0.
  0.     0.     0.     0.     0.     0.     0.     0.     0.     0.
  0.     0.     0.     0.     0.     0.     0.     0.     0.     0.
  0.     0.     0.     0.     0.     0.     0.     0.     0.     0.
  0.     0.     0.     0.     0.     0.   ]
-0.348384 [ 0.     0.     0.     0.     0.     0.     0.     0.     0.     0.
  0.     0.     0.     0.     0.     0.     0.     0.     0.     0.
  0.     0.     0.     0.     0.     0.     0.     0.     0.     0.
  0.     0.     0.     0.     0.     0.     0.     0.     0.     0.
  0.     0.     0.     0.     0.     0.     0.     0.     0.     0.
  0.     0.     0.     0.     0.     0.     0.     0.     0.     0.
  0.     0.     0.     0.     0.     0.     0.     0.     0.     0.
  0.     0.     0.     0.     0.     0.     0.     0.     0.     0.
  0.     0.     0.     0.     0.     0.     0.     0.     0.     0.
  0.     0.     0.     0.     0.     0.     0.     0.     0.    -0.125
  0.     0.     0.     0.     0.     0.     0.     0.     0.     0.
  0.     0.     0.     0.     0.     0.     0.     0.     0.     0.
  0.     0.     0.     0.     0.     0.     0.     0.     0.     0.
  0.     0.     0.     0.     0.     0.     0.     0.     0.     0.
  0.     0.     0.     0.     0.     0.     0.     0.     0.     0.
  0.     0.     0.     0.     0.     0.     0.     0.     0.     0.
  0.     0.     0.     0.     0.     0.     0.     0.     0.     0.
  0.     0.     0.     0.     0.     0.     0.     0.     0.     0.
  0.     0.     0.     0.     0.     0.     0.     0.     0.   ]
-0.36672 [-3.30555851e-06 -3.30555851e-06 -3.30555851e-06 -3.30555851e-06
 -3.30555851e-06 -3.30555851e-06 -3.30555851e-06 -3.30555851e-06
 -3.30555851e-06 -3.30555851e-06 -3.30555851e-06 -3.30555851e-06
 -3.30555851e-06 -3.30555851e-06 -3.30555851e-06 -3.30555851e-06
 -3.30555851e-06 -3.30555851e-06 -3.30555851e-06 -3.30555851e-06
 -3.30555851e-06 -3.30555851e-06 -3.30555851e-06 -3.30555851e-06
 -3.30555851e-06 -3.30555851e-06 -3.30555851e-06 -3.30555851e-06
 -3.30555851e-06 -3.30555851e-06 -3.30555851e-06 -3.30555851e-06
 -3.30555851e-06 -3.30555851e-06 -3.30555851e-06 -3.30555851e-06
 -3.30555851e-06 -3.30555851e-06 -3.30555851e-06 -3.30555851e-06
 -3.30555851e-06 -3.30555851e-06 -3.30555851e-06 -3.30555851e-06
 -3.30555851e-06 -3.30555851e-06 -3.30555851e-06 -3.30555851e-06
 -3.30555851e-06 -3.30555851e-06 -3.30555851e-06 -3.30555851e-06
 -3.30555851e-06 -3.30555851e-06 -3.30555851e-06 -3.30555851e-06
 -3.30555851e-06 -3.30555851e-06 -3.30555851e-06 -3.30555851e-06
 -3.30555851e-06 -3.30555851e-06 -3.30555851e-06 -3.30555851e-06
 -3.30555851e-06 -3.30555851e-06 -3.30555851e-06 -3.30555851e-06
 -3.30555851e-06 -3.30555851e-06 -3.30555851e-06 -3.30555851e-06
 -3.30555851e-06 -3.30555851e-06 -3.30555851e-06 -3.30555851e-06
 -3.30555851e-06 -3.30555851e-06 -3.30555851e-06 -3.30555851e-06
 -3.30555851e-06 -3.30555851e-06 -3.30555851e-06 -3.30555851e-06
 -3.30555851e-06 -3.30555851e-06 -3.30555851e-06 -3.30555851e-06
 -3.30555851e-06 -3.30555851e-06 -3.30555851e-06 -3.30555851e-06
 -3.30555851e-06 -3.30555851e-06 -3.30555851e-06 -3.30555851e-06
 -3.30555851e-06 -3.30555851e-06 -1.25003306e-01  4.59371903e-06
 -2.80001791e-05 -6.37383734e-05  1.11683425e-05  1.10755542e-05
 -4.60825203e-05 -4.66575185e-05 -1.10743751e-02 -1.88502747e-02
  8.25393678e-05  9.19657150e-05  1.70922951e-04  1.97224106e-04
  1.56878633e-04  1.56880561e-04  1.58867766e-04  1.56878633e-04
  6.38986171e-05  9.34662638e-05  1.48943312e-04  9.13479576e-05
  1.35511344e-04  1.55087768e-04  9.12460033e-05  1.35984385e-04
  1.12483434e-04  1.14950682e-04  6.52374217e-05  9.61065567e-05
  1.57437002e-04  9.23096798e-05  1.05151752e-04  1.20182916e-04
  1.62245812e-04  1.47595360e-04  1.46524412e-04  1.46246296e-04
  1.47595360e-04  1.32629837e-04  1.95330977e-04  1.94478313e-04
  1.94668288e-04  1.95330977e-04  1.70913709e-04  2.13877855e-04
  2.13225700e-04  2.13845649e-04  2.13877855e-04  9.64716835e-05
  9.66926079e-05  1.38971862e-04  1.26758779e-04  1.49051980e-04
  1.61463408e-04  1.89426560e-04  1.59635136e-02  1.55082306e-02
 -2.27909943e-04 -2.28290389e-04 -2.62776546e-04 -2.68191495e-04
 -2.42826696e-04 -2.41021439e-04 -2.40552630e-04 -2.42826696e-04
 -2.17599876e-04 -3.23292835e-04 -3.21855532e-04 -3.22175765e-04
 -3.23292835e-04 -2.82133562e-04 -3.54556611e-04 -3.53457298e-04
 -3.54502323e-04 -3.54556611e-04 -1.56649432e-04 -1.57021836e-04
 -2.28290389e-04 -2.27087350e-04 -2.68191495e-04 -2.65387359e-04
 -3.12379907e-04 -1.61222823e-04 -1.56649432e-04 -2.27909943e-04
 -2.28290389e-04 -2.62776546e-04 -2.68191495e-04]
-0.41256 [-2.70362686e-03 -1.46763444e-03 -2.43041491e-03 -2.40891238e-03
 -3.37134880e-03 -2.86049514e-03 -2.81035574e-03 -1.63664615e-04
 -1.07183676e-03 -2.90683750e-03 -2.24124981e-03  3.23179656e-05
 -8.81169051e-04  5.58187201e-05 -9.27620173e-04 -1.62341717e-03
 -1.12515805e-03 -8.00028484e-04  2.63383295e-04 -3.07692325e-04
 -3.35437719e-03 -2.26796998e-03 -3.16024404e-03 -3.04144404e-03
 -2.29211817e-03 -2.31150066e-03 -2.17823162e-03 -2.29184407e-03
 -2.98680976e-04 -8.82352476e-05 -8.08753392e-04 -3.83072619e-04
 -1.63461327e-03 -1.23211223e-03 -3.26136715e-03 -2.70500226e-03
 -7.97467581e-04 -4.54051774e-04 -1.60410806e-03 -7.57974246e-04
 -1.31042478e-03 -3.29768813e-03 -2.11702161e-03 -3.55266856e-03
 -2.18626263e-03 -3.24606181e-03 -2.91086212e-03 -3.23257952e-03
 -2.21764612e-03 -1.16184585e-03 -1.13256920e-03 -7.81902847e-04
 -1.58941934e-03 -1.03826538e-03 -3.02983130e-03 -1.18308742e-03
 -2.29144377e-03 -7.69256965e-04 -1.36532422e-03 -1.38920506e-03
 -1.69267818e-03 -1.27372781e-03 -2.50113775e-03 -3.41851051e-03
 -2.09975590e-03 -1.67365476e-03 -3.66940574e-03 -2.66655849e-03
 -2.64545723e-03 -3.54791981e-03 -3.20836346e-03 -3.59919725e-03
 -4.34507449e-03 -1.31764925e-01 -1.30239439e-02  1.44740779e-02
  1.56096701e-02 -2.82458878e-03 -4.61614963e-04 -1.80004412e-03
 -4.96461421e-04 -4.41756555e-03 -1.21926198e-03 -3.57197960e-03
 -6.20232207e-04 -4.55363618e-04  2.53784910e-03 -6.64286883e-04
  1.11322605e-03  2.65007259e-03  1.13066258e-02  1.96155594e-02
 -2.03041610e-02 -2.27912538e-03 -1.94132783e-03 -1.92093122e-03
 -3.69066019e-03 -1.37479090e-02 -1.28852673e-02  1.36690317e-02
 -1.11795078e-02 -2.54207815e-03 -1.08911801e-03  5.97714607e-04
  2.28594950e-03 -4.54762360e-04  2.09249943e-03 -2.54101756e-03
 -6.30431319e-04  1.51822837e-02  8.04435168e-03 -2.77546038e-03
 -3.38641518e-03 -3.87826533e-03 -3.22488220e-04  9.27487617e-03
 -8.29463986e-03 -2.28991328e-04  1.76781204e-03 -8.96768328e-03
  4.55735531e-03  7.38266134e-05  2.17600088e-03 -2.53442331e-03
 -5.92143641e-04 -2.24110517e-03  4.10728315e-04  6.89282078e-03
  1.34640835e-02 -5.50341681e-04  9.46989634e-04  9.81776656e-03
 -9.30428379e-03]
-0.4584 [-1.47778844e-02  9.11843894e-03  9.50467634e-03 -8.41414102e-03
  2.53925314e-03  1.55380338e-03 -2.83863496e-03 -5.86166835e-04
  4.48383056e-03  4.68599828e-03 -6.08109638e-03  9.82856957e-03
 -5.97678588e-03 -2.03534196e-02 -1.08568311e-02  7.11702269e-03
 -2.74462182e-03 -3.69975156e-03 -6.73641553e-03  4.79309625e-03
 -9.85295987e-03  2.86037337e-03  9.29853537e-04 -4.31075396e-04
 -4.27494302e-03  2.16232509e-03 -5.06150541e-03  5.64716267e-03
 -3.98348480e-03 -2.19933262e-03 -4.45478469e-03  1.21189204e-03
  1.61205149e-02  3.57336073e-03  1.25329139e-03  7.76745792e-04
  3.13195072e-03 -9.85855767e-04 -3.11704310e-03 -6.86409320e-03
  3.33476588e-03 -6.11981576e-03 -9.33442937e-03 -1.98357268e-03
  4.57256815e-04 -2.98675989e-03  3.54042701e-03 -3.50714726e-03
  5.82449260e-03  2.27421390e-03 -9.69123467e-03 -9.85238556e-03
  2.62076759e-03  1.09964117e-03 -2.22507361e-01 -1.19153194e-02
  3.49615281e-02 -5.31628526e-03  1.99287848e-03 -3.35918249e-03
 -1.08018028e-02 -2.10600595e-03 -1.26828260e-04 -4.58915751e-03
  4.99785924e-03  1.83347257e-03 -6.20711317e-03 -6.84274734e-03
  3.02275196e-02 -7.60423043e-03 -2.17681910e-02  5.62890693e-03
  4.23440821e-03  1.54101404e-02 -4.73874255e-03 -5.64926332e-03
 -4.74084461e-03  3.73572166e-03  1.97910538e-03 -6.32949848e-03
 -1.12310868e-02  2.28571619e-03  4.49893909e-03  3.00676791e-03
  6.40064907e-03  1.67410155e-03 -6.59189296e-04  8.39890850e-03
 -3.04733437e-04  3.48562516e-03  5.77816465e-04  1.54014531e-03
  1.15209331e-03  7.07778394e-03  2.29683205e-03  1.85011667e-03
 -6.81816979e-03  9.74583681e-03 -2.10239374e-03]
-0.50424 [-5.25207718e-03  8.87814861e-03  6.84059572e-03 -2.58236397e-02
  1.67682769e-02 -6.69378865e-03  1.00734502e-02  1.49652777e-02
 -1.36335279e-02 -2.22330695e-03  7.39983989e-04  6.81077527e-03
  4.77468635e-03 -7.71056209e-03 -5.20337333e-03  1.41183559e-02
  5.83489559e-03 -5.33800530e-03  6.43782225e-03  1.36231107e-02
 -5.25875861e-04 -4.48659306e-03 -4.19849007e-03 -1.72551139e-04
  1.05156895e-02 -2.74897586e-02  2.11489002e-03 -1.11085337e-03
 -7.90900008e-03  9.51588737e-04  7.39958143e-04  5.79608549e-03
 -1.34071634e-03  5.44112009e-04  3.91261660e-03 -1.83900527e-03
  1.83627826e-03  3.78846587e-03  3.64401423e-03  2.42204709e-03
  3.57348773e-02  1.26712032e-02  5.80058065e-04  1.43334481e-03
 -3.35205941e-01  5.82446134e-04  2.93395256e-02 -3.35951766e-03
 -1.96903283e-02  2.43811479e-03  4.22005770e-03 -1.15951279e-02
 -5.87057523e-03 -6.54191268e-03 -1.36019991e-02 -5.37139311e-03
  5.87827359e-03  3.56928199e-03  4.45022771e-02  1.44819252e-02
 -1.10150509e-02  1.51107364e-02 -1.55009652e-02  5.39649843e-03
  6.20789094e-03 -4.50982893e-03  9.59470324e-04 -1.12719937e-02
 -1.38314585e-02  4.45498593e-04  9.87543363e-03  1.05395901e-02
  8.81532515e-03  1.56361610e-02  9.05096430e-03 -4.86704470e-03
  1.04777028e-02  2.34583261e-02  7.64467522e-03 -2.09368356e-03
 -2.29798097e-03]
-0.55008 [-2.98171500e-04 -1.84331333e-03  9.09695256e-03  4.45295787e-03
  1.00918993e-02  4.01229332e-03  7.16688772e-03 -3.57456331e-03
 -4.18941479e-03 -5.27862943e-03 -1.35169236e-02  3.00400859e-03
  1.11787013e-02 -7.08716941e-04 -1.30370237e-03 -1.43094573e-02
 -3.70471503e-03 -1.03555077e-02 -2.42137752e-02  3.73579054e-03
 -3.09775711e-03 -1.18053291e-03  2.96078333e-02  1.34391110e-03
  4.97713781e-03 -2.72547884e-02 -1.30706025e-03  1.04958214e-02
  6.85663568e-03 -4.42038125e-03 -4.87733313e-01  7.05155624e-03
  5.62895362e-02  1.71821126e-02  3.20979863e-03  6.10036291e-03
 -3.41668984e-03  5.20681589e-03  9.96840304e-03  2.83346011e-02
 -3.36073502e-03 -1.60956302e-02  1.06879417e-02 -2.39458416e-03
 -5.45471714e-03  5.75474825e-03  8.36997972e-03 -1.67763435e-03
 -1.93409131e-03  4.75470638e-03  7.72334151e-03  9.75196773e-03
  4.85034264e-03 -3.61689383e-03  8.52907404e-03 -7.88005035e-03]
