0.8    -14.339263073797827    -14.337766334305948
1.0    -14.565296600689699    -14.560001631108143
1.2    -14.655715574152223    -14.652470449911268
1.4    -14.706803471011364    -14.703922708452614
1.5999999999999999    -14.746799157563796    -14.735657151671086
1.7999999999999998    -14.776755600937458    -14.756852708331602
1.9999999999999998    -14.788957131352428    -14.747305005274033
2.1999999999999997    -14.803728886910644    -14.763661960009175
2.3999999999999995    -14.812302019155744    -14.775113296098251
2.5999999999999996    -14.816240399356543    -14.782869635106964
2.8    -14.816894160138657    -14.7879447796401
2.999999999999999    -14.815339421765575    -14.791128077491742
3.1999999999999993    -14.812413642431357    -14.793016231930874
3.3999999999999995    -14.808770791100635    -14.794054987607486
3.5999999999999996    -14.80492651536521    -14.794573799582768
3.799999999999999    -14.801284981641816    -14.794811381789664
3.999999999999999    -14.798146912830084    -14.794933940937716
4.199999999999999    -14.795704880536887    -14.79504874089026
4.3999999999999995    -14.795215421153973    -14.794037526308696
4.599999999999999    -14.79545679889397    -14.793115761321058
4.799999999999999    -14.7957697888809    -14.792827344748689
4.999999999999999    -14.796135966497953    -14.793014703472739
5.199999999999998    -14.79653068995411    -14.79351333870228
5.399999999999999    -14.796929907016109    -14.794179915996718
5.599999999999999    -14.797313925416814    -14.794905327535396
5.799999999999999    -14.797669150801438    -14.795616579003644
5.999999999999999    -14.797987883873343    -14.796271174823293
6.199999999999998    -14.798267219299401    -14.796849061566006
6.399999999999999    -14.798507688495263    -14.797344985426268
6.599999999999999    -14.798711976292692    -14.797762399497907
6.799999999999998    -14.798883897181199    -14.798109171499734
6.999999999999998    -14.799027669073588    -14.79839483766243
7.199999999999998    -14.799147449736745    -14.79862900277842
7.399999999999999    -14.799247074720357    -14.798820510471934
7.599999999999999    -14.799329935131667    -14.798977091528121
7.799999999999998    -14.799398944340707    -14.79910528670248
