0.8    -14.339263073797813
1.0    -14.565296600689688
1.2    -14.655715574152225
1.4    -14.706803471011375
1.5999999999999999    -14.746799157563796
1.7999999999999998    -14.776755600937443
1.9999999999999998    -14.788957131352415
2.1999999999999997    -14.803728886910646
2.3999999999999995    -14.812302019155743
2.5999999999999996    -14.81624039935654
2.8    -14.816894160138657
2.999999999999999    -14.815339421765579
3.1999999999999993    -14.812413642431348
3.3999999999999995    -14.808770791100637
3.5999999999999996    -14.804926515365226
3.799999999999999    -14.801284981641816
3.999999999999999    -14.798146912830083
4.199999999999999    -14.795704880536896
4.3999999999999995    -14.795215421153967
4.599999999999999    -14.795456798893968
4.799999999999999    -14.79576978888089
4.999999999999999    -14.796135966497953
5.199999999999998    -14.796530689954109
5.399999999999999    -14.79692990701611
5.599999999999999    -14.797313925416816
5.799999999999999    -14.797669150801443
5.999999999999999    -14.797987883873336
6.199999999999998    -14.79826721929941
6.399999999999999    -14.79850768849527
6.599999999999999    -14.798711976292697
6.799999999999998    -14.798883897181202
6.999999999999998    -14.799027669073586
7.199999999999998    -14.799147449736745
7.399999999999999    -14.799247074720357
7.599999999999999    -14.799329935131663
7.799999999999998    -14.799398944340707
