0.8    -14.337766334305945
1.0    -14.560001631108134
1.2    -14.652470449911279
1.4    -14.70392270845261
1.5999999999999999    -14.735657151671079
1.7999999999999998    -14.756852708331593
1.9999999999999998    -14.747305005274017
2.1999999999999997    -14.763661960009186
2.3999999999999995    -14.775113296098239
2.5999999999999996    -14.782869635106959
2.8    -14.787944779640094
2.999999999999999    -14.791128077491743
3.1999999999999993    -14.793016231930876
3.3999999999999995    -14.794054987607485
3.5999999999999996    -14.794573799582786
3.799999999999999    -14.794811381789664
3.999999999999999    -14.79493394093772
4.199999999999999    -14.795048740890259
4.3999999999999995    -14.794037526308703
4.599999999999999    -14.793115761321074
4.799999999999999    -14.792827344748682
4.999999999999999    -14.793014703472725
5.199999999999998    -14.793513338702283
5.399999999999999    -14.794179915996718
5.599999999999999    -14.794905327535407
5.799999999999999    -14.795616579003653
5.999999999999999    -14.796271174823294
6.199999999999998    -14.796849061566007
6.399999999999999    -14.79734498542628
6.599999999999999    -14.797762399497914
6.799999999999998    -14.798109171499743
6.999999999999998    -14.798394837662437
7.199999999999998    -14.798629002778416
7.399999999999999    -14.798820510471938
7.599999999999999    -14.79897709152812
7.799999999999998    -14.799105286702488
